IndexPlanningHorizon,IndexBranchingNode,Iteration,LBfrac,UBfrac,GAPfrac,IntFound,LBint,UBint,GAPint,MSecondsMP,MSecondsPP,MSecondsAUXCG,MSecondsStrongBranching,MPSizeConstraints,MPSizeVariables,ColumnsAdded,PPNetworkConstructionTime,PPNetworkSizeNodes,PPNetworkSizeArcs,LazyConstraintAdded,BranchType,IndexParentBranchingNode,MSecondsFilterMPVars,MSecondsFilterPPNodes,VehicleID,TripID,MaintenanceID,FracValue,BranchValue
0,1,0,-1.79769e+308,560000,3.21017e+302,1,-1.79769e+308,560000,3.21017e+302,1,0,0,0,40,37,0,0,0,0,,,,,,,,,,
0,1,1,-216535,332649,1.65094,1,-216535,332649,1.65094,0,1,0,0,40,96,59,0,32,95,,,,,,,,,,
0,1,2,-216535,146008,2.48303,1,-216535,146008,2.48303,0,0,0,0,40,147,51,0,33,138,,,,,,,,,,
0,1,3,-76877.3,109435,1.70249,1,-76877.3,109435,1.70249,0,0,0,0,40,237,90,0,37,165,,,,,,,,,,
0,1,4,-65824.6,109435,1.6015,0,-65824.6,109435,1.6015,0,0,0,0,40,265,28,0,41,163,,,,,,,,,,
0,1,5,-61939,109435,1.56599,0,-61939,109435,1.56599,0,1,0,0,40,294,29,0,47,201,,,,,,,,,,
0,1,6,107747,109220,0.0134859,0,107747,109435,0.0154204,0,0,0,0,40,307,13,0,40,178,,,,,,,,,,
0,1,7,108613,109163,0.00504472,0,108613,109435,0.00751496,0,0,0,0,40,309,2,0,40,188,,,,,,,,,,
0,1,8,108865,109162,0.00272459,0,108865,109435,0.00521144,0,0,0,0,40,311,2,0,40,188,,,,,,,,,,
0,1,,,,,,,,,,,,,,,,,,,,Trunc. CG,4294967295,0,0,,,,1.79769e+308,1.79769e+308
0,2,,,,,,,,,,,,,,,,,,,,VEHICLE_TRIP,1,0,0,,,,0.75,1
0,2,4294967295,-1.79769e+308,1.79769e+308,inf,0,0,1.79769e+308,1,0,0,0,0,0,0,0,0,0,0,,,,,,,,,,
0,2,0,108865,109390,0.00480649,0,108865,109435,0.00521144,0,0,0,0,40,311,0,0,40,188,,,,,,,,,,
0,2,1,108865,109271,0.0037222,1,108865,109271,0.0037222,0,0,0,0,40,324,13,0,40,174,,,,,,,,,,
1,1,0,-1.79769e+308,560000,3.21017e+302,1,-1.79769e+308,560000,3.21017e+302,0,0,0,0,40,37,0,0,0,0,,,,,,,,,,
1,1,1,-226127,110728,3.04218,1,-226127,110728,3.04218,0,0,0,0,40,90,53,0,33,95,,,,,,,,,,
1,1,2,-226127,35620.1,7.34828,1,-226127,35620.1,7.34828,0,0,0,0,40,159,69,0,37,141,,,,,,,,,,
1,1,3,-226127,32477.6,7.96253,0,-226127,35620.1,7.34828,0,0,0,0,40,293,134,0,44,196,,,,,,,,,,
1,1,4,-156992,31673.7,5.95655,0,-156992,35620.1,5.40741,0,0,0,0,40,332,39,0,40,183,,,,,,,,,,
1,1,5,29298.6,31418.6,0.0674774,0,29298.6,35620.1,0.177472,0,0,0,0,40,347,15,0,38,160,,,,,,,,,,
1,1,6,29298.6,31373.4,0.0661338,0,29298.6,35620.1,0.177472,0,0,0,0,40,365,18,0,42,189,,,,,,,,,,
1,1,7,30065.4,31153.6,0.0349301,0,30065.4,35620.1,0.155943,0,0,0,0,40,376,11,0,38,180,,,,,,,,,,
1,1,8,30816,31153.6,0.0108384,0,30816,35620.1,0.134872,0,0,0,0,40,378,2,0,39,159,,,,,,,,,,
1,1,9,31153.6,31153.6,0,0,31153.6,35620.1,0.125393,0,0,0,0,40,378,0,0,37,145,,,,,,,,,,
1,1,,,,,,,,,,,,,,,,,,,,Trunc. CG,4294967295,0,0,,,,1.79769e+308,1.79769e+308
1,2,,,,,,,,,,,,,,,,,,,,VEHICLE_TRIP,1,0,0,,,,0.5,1
1,2,4294967295,-1.79769e+308,1.79769e+308,inf,0,0,1.79769e+308,1,0,0,0,0,0,0,0,0,0,0,,,,,,,,,,
1,2,0,31153.6,31213.1,0.00190459,0,31153.6,35620.1,0.125393,0,0,0,0,40,378,0,0,37,145,,,,,,,,,,
1,2,1,31213.1,31213.1,0,0,31153.6,35620.1,0.125393,0,0,0,0,40,378,0,0,37,163,,,,,,,,,,
1,3,,,,,,,,,,,,,,,,,,,,VEHICLE_TRIP,2,0,0,,,,0.5,1
1,3,4294967295,-1.79769e+308,1.79769e+308,inf,0,0,1.79769e+308,1,0,0,0,0,0,0,0,0,0,0,,,,,,,,,,
1,3,0,31213.1,32102.4,0.0277036,1,31153.6,32102.4,0.0295554,0,0,0,0,40,378,0,0,37,163,,,,,,,,,,
1,3,1,31713.6,32102.4,0.0121131,0,31153.6,32102.4,0.0295554,0,0,0,0,40,380,2,0,34,148,,,,,,,,,,
1,3,2,31713.6,32102.4,0.0121131,0,31153.6,32102.4,0.0295554,0,0,0,0,40,385,5,0,36,165,,,,,,,,,,
1,3,3,32102.4,32102.4,0,0,31153.6,32102.4,0.0295554,0,0,0,0,40,385,0,0,34,148,,,,,,,,,,
2,1,0,-1.79769e+308,460000,3.90803e+302,1,-1.79769e+308,460000,3.90803e+302,0,0,0,0,35,32,0,0,0,0,,,,,,,,,,
2,1,1,-169051,48485.7,4.48661,1,-169051,48485.7,4.48661,0,0,0,0,35,106,74,0,28,93,,,,,,,,,,
2,1,2,-169051,47945,4.52593,1,-169051,47945,4.52593,0,0,0,0,35,194,88,0,35,175,,,,,,,,,,
2,1,3,-130424,47945,3.7203,0,-130424,47945,3.7203,0,0,0,0,35,255,61,0,35,156,,,,,,,,,,
2,1,4,41174.4,47441.4,0.1321,1,41174.4,47441.4,0.1321,0,0,0,0,35,301,46,0,36,186,,,,,,,,,,
2,1,5,46310,46552.9,0.00521729,1,46310,46552.9,0.00521729,0,0,0,0,35,318,17,0,32,119,,,,,,,,,,
2,1,6,46310,46552.9,0.00521729,0,46310,46552.9,0.00521729,0,0,0,0,35,326,8,0,35,148,,,,,,,,,,
2,1,7,46552.9,46552.9,0,0,46552.9,46552.9,0,0,0,0,0,35,326,0,0,30,110,,,,,,,,,,
3,1,0,-1.79769e+308,500000,3.59539e+302,1,-1.79769e+308,500000,3.59539e+302,0,0,0,0,37,34,0,0,0,0,,,,,,,,,,
3,1,1,-205309,86881.9,3.36308,1,-205309,86881.9,3.36308,0,0,0,0,37,105,71,0,31,92,,,,,,,,,,
3,1,2,-205309,49253.6,5.16841,1,-205309,49253.6,5.16841,0,0,0,0,37,169,64,0,37,153,,,,,,,,,,
3,1,3,-204031,49253.6,5.14247,0,-204031,49253.6,5.14247,0,0,0,0,37,215,46,0,41,156,,,,,,,,,,
3,1,4,47338.2,47885.3,0.011425,1,47338.2,47885.3,0.011425,0,0,0,0,37,234,19,0,38,156,,,,,,,,,,
3,1,5,47794.3,47794.3,0,1,47794.3,47794.3,0,0,0,0,0,37,239,5,0,40,143,,,,,,,,,,
4,1,0,-1.79769e+308,540000,3.32906e+302,1,-1.79769e+308,540000,3.32906e+302,0,0,0,0,39,36,0,0,0,0,,,,,,,,,,
4,1,1,-203601,87383.3,3.32997,1,-203601,87383.3,3.32997,0,0,0,0,39,132,96,0,34,105,,,,,,,,,,
4,1,2,-203601,51207.5,4.976,1,-203601,51207.5,4.976,0,0,0,0,39,213,81,0,41,200,,,,,,,,,,
4,1,3,-138687,50047.7,3.77111,1,-138687,50047.7,3.77111,0,0,0,0,39,268,55,0,41,232,,,,,,,,,,
4,1,4,48895.6,50047.7,0.0230203,0,48895.6,50047.7,0.0230203,0,0,0,0,39,271,3,0,38,164,,,,,,,,,,
4,1,5,50047.7,50047.7,0,0,50047.7,50047.7,0,0,0,0,0,39,271,0,0,38,167,,,,,,,,,,
5,1,0,-1.79769e+308,560000,3.21017e+302,1,-1.79769e+308,560000,3.21017e+302,0,0,0,0,40,37,0,0,0,0,,,,,,,,,,
5,1,1,-225822,69889.6,4.23112,1,-225822,69889.6,4.23112,0,0,0,0,40,97,60,0,33,95,,,,,,,,,,
5,1,2,-225822,31849.2,8.09034,0,-225822,69889.6,4.23112,0,0,0,0,40,171,74,0,39,181,,,,,,,,,,
5,1,3,24097.7,31417.4,0.232984,0,24097.7,69889.6,0.655203,0,0,0,0,40,195,24,0,38,161,,,,,,,,,,
5,1,4,29675.2,31409.1,0.0552015,0,29675.2,69889.6,0.575398,0,0,0,0,40,202,7,0,37,163,,,,,,,,,,
5,1,5,31409.1,31409.1,0,0,31409.1,69889.6,0.55059,0,0,0,0,40,202,0,0,36,147,,,,,,,,,,
5,1,,,,,,,,,,,,,,,,,,,,Trunc. CG,4294967295,0,0,,,,1.79769e+308,1.79769e+308
5,2,,,,,,,,,,,,,,,,,,,,VEHICLE_TRIP,1,0,0,,,,0.5,1
5,2,4294967295,-1.79769e+308,1.79769e+308,inf,0,0,1.79769e+308,1,0,0,0,0,0,0,0,0,0,0,,,,,,,,,,
5,2,0,31409.1,32841.4,0.0436126,1,31409.1,32841.4,0.0436126,0,0,0,0,40,202,0,0,36,147,,,,,,,,,,
5,2,1,31409.1,31700.9,0.0092063,0,31409.1,32841.4,0.0436126,0,0,0,0,40,222,20,0,37,168,,,,,,,,,,
5,2,2,31409.1,31700.9,0.0092063,0,31409.1,32841.4,0.0436126,0,0,0,0,40,226,4,0,37,152,,,,,,,,,,
5,2,3,31700.9,31700.9,0,0,31409.1,32841.4,0.0436126,0,0,0,0,40,226,0,0,35,141,,,,,,,,,,
5,3,,,,,,,,,,,,,,,,,,,,VEHICLE_MAINTENANCE,2,0,0,,,,0.5,1
5,3,4294967295,-1.79769e+308,1.79769e+308,inf,0,0,1.79769e+308,1,0,0,0,0,0,0,0,0,0,0,,,,,,,,,,
5,3,0,31700.9,32685.4,0.0301212,0,31409.1,32841.4,0.0436126,0,0,0,0,40,226,0,0,35,141,,,,,,,,,,
5,3,1,31700.9,32559.4,0.0263658,0,31409.1,32841.4,0.0436126,0,0,0,0,40,235,9,0,37,169,,,,,,,,,,
5,3,2,32480.6,32539.5,0.0018098,1,31409.1,32539.5,0.0347408,0,0,0,0,40,243,8,0,37,172,,,,,,,,,,
6,1,0,-1.79769e+308,460000,3.90803e+302,1,-1.79769e+308,460000,3.90803e+302,0,0,0,0,35,32,0,0,0,0,,,,,,,,,,
6,1,1,-168918,48931.1,4.45216,1,-168918,48931.1,4.45216,0,0,0,0,35,99,67,0,28,93,,,,,,,,,,
6,1,2,-168918,48144.2,4.50859,1,-168918,48144.2,4.50859,0,0,0,0,35,150,51,0,36,161,,,,,,,,,,
6,1,3,-127966,48144.2,3.65797,0,-127966,48144.2,3.65797,0,0,0,0,35,214,64,0,40,197,,,,,,,,,,
6,1,4,-126254,47791.9,3.64174,1,-126254,47791.9,3.64174,0,0,0,0,35,297,83,0,50,226,,,,,,,,,,
6,1,5,-54832.9,47711,2.14927,1,-54832.9,47711,2.14927,0,0,0,0,35,347,50,0,40,175,,,,,,,,,,
6,1,6,-54832.9,47711,2.14927,0,-54832.9,47711,2.14927,0,0,0,0,35,376,29,0,42,153,,,,,,,,,,
6,1,7,47426.7,47507.7,0.00170414,1,47426.7,47507.7,0.00170414,0,0,0,0,35,378,2,0,32,108,,,,,,,,,,
6,1,,,,,,,,,,,,,,,,,,,,Trunc. CG,4294967295,0,0,,,,1.79769e+308,1.79769e+308
7,1,0,-1.79769e+308,500000,3.59539e+302,1,-1.79769e+308,500000,3.59539e+302,0,0,0,0,37,34,0,0,0,0,,,,,,,,,,
7,1,1,-167036,87208.2,2.91537,1,-167036,87208.2,2.91537,0,0,0,0,37,129,95,0,31,92,,,,,,,,,,
7,1,2,-167036,52975.5,4.15308,1,-167036,52975.5,4.15308,0,0,0,0,37,224,95,0,44,205,,,,,,,,,,
7,1,3,-105999,51031.5,3.07712,1,-105999,51031.5,3.07712,0,0,0,0,37,274,50,0,47,222,,,,,,,,,,
7,1,4,42887.6,48996.2,0.124676,1,42887.6,48996.2,0.124676,0,0,0,0,37,338,64,0,42,233,,,,,,,,,,
7,1,5,47893.1,48996.2,0.0225149,0,47893.1,48996.2,0.0225149,0,0,0,0,37,356,18,0,41,169,,,,,,,,,,
7,1,6,47941.8,48996.2,0.0215208,0,47941.8,48996.2,0.0215208,0,0,0,0,37,368,12,0,44,174,,,,,,,,,,
7,1,7,48996.2,48996.2,0,0,48996.2,48996.2,0,0,0,0,0,37,368,0,0,41,152,,,,,,,,,,
8,1,0,-1.79769e+308,540000,3.32906e+302,1,-1.79769e+308,540000,3.32906e+302,0,0,0,0,39,36,0,0,0,0,,,,,,,,,,
8,1,1,-203167,87975.5,3.30936,1,-203167,87975.5,3.30936,0,0,0,0,39,137,101,0,34,105,,,,,,,,,,
8,1,2,-203167,52381.1,4.87863,0,-203167,87975.5,3.30936,0,0,0,0,39,255,118,0,41,217,,,,,,,,,,
8,1,3,-141369,51801.2,3.72907,0,-141369,87975.5,2.60692,0,0,0,0,39,307,52,0,42,241,,,,,,,,,,
8,1,4,49527.2,50923.2,0.027414,1,49527.2,50923.2,0.027414,0,0,0,0,39,338,31,0,38,185,,,,,,,,,,
8,1,5,50662.9,50923.2,0.00511319,0,50662.9,50923.2,0.00511319,0,0,0,0,39,342,4,0,36,171,,,,,,,,,,
8,1,6,50923.2,50923.2,0,0,50923.2,50923.2,0,0,0,0,0,39,342,0,0,36,173,,,,,,,,,,
9,1,0,-1.79769e+308,560000,3.21017e+302,1,-1.79769e+308,560000,3.21017e+302,0,0,0,0,40,37,0,0,0,0,,,,,,,,,,
9,1,1,-225521,146150,2.54308,1,-225521,146150,2.54308,0,0,0,0,40,111,74,0,33,95,,,,,,,,,,
9,1,2,-205351,33425.9,7.14347,1,-205351,33425.9,7.14347,0,0,0,0,40,206,95,0,35,128,,,,,,,,,,
9,1,3,-205351,32933.1,7.2354,0,-205351,33425.9,7.14347,0,0,0,0,40,254,48,0,42,195,,,,,,,,,,
9,1,4,-113071,32319.5,4.49853,0,-113071,33425.9,4.38272,0,0,0,0,40,282,28,0,40,172,,,,,,,,,,
9,1,5,28616,32159.7,0.11019,0,28616,33425.9,0.143897,0,0,0,0,40,295,13,0,41,167,,,,,,,,,,
9,1,6,31061,32155.9,0.0340492,0,31061,33425.9,0.0707501,0,0,0,0,40,298,3,0,37,146,,,,,,,,,,
9,1,7,31461.6,32155.9,0.0215913,0,31461.6,33425.9,0.0587655,0,0,0,0,40,300,2,0,37,147,,,,,,,,,,
9,1,8,32155.9,32155.9,0,0,32155.9,33425.9,0.0379946,0,0,0,0,40,300,0,0,37,141,,,,,,,,,,
9,1,,,,,,,,,,,,,,,,,,,,Trunc. CG,4294967295,0,0,,,,1.79769e+308,1.79769e+308
9,2,,,,,,,,,,,,,,,,,,,,VEHICLE_MAINTENANCE,1,0,0,,,,0.5,1
9,2,4294967295,-1.79769e+308,1.79769e+308,inf,0,0,1.79769e+308,1,0,0,0,0,0,0,0,0,0,0,,,,,,,,,,
9,2,0,32155.9,32306.8,0.00467158,0,32155.9,33425.9,0.0379946,0,0,0,0,40,300,0,0,37,141,,,,,,,,,,
9,2,1,32296.8,32301.8,0.00015479,0,32155.9,33425.9,0.0379946,0,0,0,0,40,301,1,0,37,136,,,,,,,,,,
9,3,,,,,,,,,,,,,,,,,,,,VEHICLE_TRIP,2,0,0,,,,0.5,1
9,3,4294967295,-1.79769e+308,1.79769e+308,inf,0,0,1.79769e+308,1,0,0,0,0,0,0,0,0,0,0,,,,,,,,,,
9,3,0,32296.8,33707.8,0.0418576,0,32155.9,33425.9,0.0379946,0,0,0,0,40,301,0,0,37,136,,,,,,,,,,
9,3,1,32296.8,32940.2,0.0195302,0,32155.9,33425.9,0.0379946,0,0,0,0,40,317,16,0,38,160,,,,,,,,,,
9,3,2,32296.8,32593.7,0.00910753,0,32155.9,33425.9,0.0379946,0,0,0,0,40,322,5,0,37,164,,,,,,,,,,
9,3,3,32317,32593.7,0.0084879,0,32155.9,33425.9,0.0379946,0,0,0,0,40,324,2,0,37,159,,,,,,,,,,
9,3,4,32593.7,32593.7,0,0,32155.9,33425.9,0.0379946,0,0,0,0,40,324,0,0,37,159,,,,,,,,,,
9,4,,,,,,,,,,,,,,,,,,,,VEHICLE_MAINTENANCE,3,0,0,,,,0.5,1
9,4,4294967295,-1.79769e+308,1.79769e+308,inf,0,0,1.79769e+308,1,0,0,0,0,0,0,0,0,0,0,,,,,,,,,,
9,4,0,32593.7,33415.9,0.024606,1,32155.9,33415.9,0.0377067,0,0,0,0,40,324,0,0,37,159,,,,,,,,,,
9,4,1,33205,33415.9,0.006311,0,32155.9,33415.9,0.0377067,0,0,0,0,40,325,1,0,36,143,,,,,,,,,,
9,4,2,33415.9,33415.9,0,0,32155.9,33415.9,0.0377067,0,0,0,0,40,325,0,0,36,143,,,,,,,,,,
10,1,0,-1.79769e+308,460000,3.90803e+302,1,-1.79769e+308,460000,3.90803e+302,0,0,0,0,35,32,0,0,0,0,,,,,,,,,,
10,1,1,-167735,51265.9,4.27187,1,-167735,51265.9,4.27187,0,0,0,0,35,102,70,0,28,93,,,,,,,,,,
10,1,2,926.736,50129.1,0.981513,1,926.736,50129.1,0.981513,0,0,0,0,35,159,57,0,32,150,,,,,,,,,,
10,1,3,926.736,50129.1,0.981513,0,926.736,50129.1,0.981513,0,0,0,0,35,222,63,0,37,165,,,,,,,,,,
10,1,4,926.736,48605.6,0.980934,0,926.736,50129.1,0.981513,0,0,0,0,35,276,54,0,43,179,,,,,,,,,,
10,1,5,44373.1,48605.6,0.0870787,0,44373.1,50129.1,0.114823,0,0,0,0,35,324,48,0,46,215,,,,,,,,,,
10,1,6,44373.1,48601.8,0.0870069,1,44373.1,48601.8,0.0870069,0,0,0,0,35,394,70,0,52,246,,,,,,,,,,
10,1,7,45631.2,48114.3,0.0516087,1,45631.2,48114.3,0.0516087,0,0,0,0,35,439,45,0,52,219,,,,,,,,,,
10,1,8,47871.4,48033.4,0.00337099,1,47871.4,48033.4,0.00337099,0,0,0,0,35,444,5,0,38,139,,,,,,,,,,
10,1,,,,,,,,,,,,,,,,,,,,Trunc. CG,4294967295,0,0,,,,1.79769e+308,1.79769e+308
11,1,0,-1.79769e+308,340000,5.28733e+302,1,-1.79769e+308,340000,5.28733e+302,0,0,0,0,27,26,0,0,0,0,,,,,,,,,,
11,1,1,-130581,43546.2,3.99867,1,-130581,43546.2,3.99867,0,0,0,0,27,65,39,0,21,57,,,,,,,,,,
11,1,2,41671.4,43472.9,0.0414394,1,41671.4,43472.9,0.0414394,0,0,0,0,27,71,6,0,24,67,,,,,,,,,,
11,1,3,43472.9,43472.9,0,0,43472.9,43472.9,0,0,0,0,0,27,71,0,0,24,65,,,,,,,,,,
12,1,0,-1.79769e+308,220000,8.17133e+302,1,-1.79769e+308,220000,8.17133e+302,0,0,0,0,21,20,0,0,0,0,,,,,,,,,,
12,1,1,-132882,38909.6,4.41515,1,-132882,38909.6,4.41515,0,0,0,0,21,36,16,0,18,42,,,,,,,,,,
12,1,2,29111.4,38836.3,0.250407,1,29111.4,38836.3,0.250407,0,0,0,0,21,56,20,0,18,60,,,,,,,,,,
12,1,3,34711.8,38836.3,0.106201,0,34711.8,38836.3,0.106201,0,0,0,0,21,61,5,0,18,46,,,,,,,,,,
12,1,4,37668.9,38836.3,0.0300593,0,37668.9,38836.3,0.0300593,0,0,0,0,21,64,3,0,18,54,,,,,,,,,,
12,1,5,38836.3,38836.3,0,0,38836.3,38836.3,0,0,0,0,0,21,64,0,0,18,46,,,,,,,,,,
13,1,0,-1.79769e+308,140000,1.28407e+303,1,-1.79769e+308,140000,1.28407e+303,0,0,0,0,17,16,0,0,0,0,,,,,,,,,,
13,1,1,-55798.5,37666.9,2.48137,1,-55798.5,37666.9,2.48137,0,0,0,0,17,24,8,0,14,26,,,,,,,,,,
13,1,2,26644.8,36791.4,0.275788,1,26644.8,36791.4,0.275788,0,0,0,0,17,29,5,0,14,30,,,,,,,,,,
13,1,3,31864.7,36791.4,0.133908,0,31864.7,36791.4,0.133908,0,0,0,0,17,32,3,0,14,26,,,,,,,,,,
13,1,4,36791.4,36791.4,0,0,36791.4,36791.4,0,0,0,0,0,17,32,0,0,14,26,,,,,,,,,,
